function [Remodeceout] = RemodeceDistri
% This is an average distribution from the Remodece database for each
% appliance for Norway mostly. This is an aggregated value from multiple
% measurments.

Remodeceout.WashMach = [0.014764997...
                        0.002183537...
                        0.000487746...
                        0.001510938...
                        0.000743544...
                        0.000487746...
                        0.004025481...
                        0.037859585...
                        0.029742033...
                        0.031841692...
                        0.039007876...
                        0.062051589...
                        0.098107712...
                        0.032412986...
                        0.05152917...
                        0.031216917...
                        0.074715198...
                        0.110816401...
                        0.069097794...
                        0.044771558...
                        0.046446733...
                        0.063399786...
                        0.096716921...
                        0.056062062]';

Remodeceout.DishWash = [0.018606596...
                        0.014817795...
                        0.00173772...
                        0.00038889...
                        0          ...
                        0.000176305...
                        0.00336508...
                        0.02033508...
                        0.01544462...
                        0.065342288...
                        0.056258731 ...
                        0.026680714...
                        0.021627798...
                        0.032159993...
                        0.022660107...
                        0.031573381...
                        0.055188266...
                        0.089001218...
                        0.136241201...
                        0.061094383...
                        0.070501841...
                        0.093028835...
                        0.088826926...
                        0.074942233...
                        ]';
                    
Remodeceout.Elec = [0 ...
                    0 ...
                    0 ...
                    0 ...
                    0 ...
                    0.000291347 ...
                    0.011801849 ...
                    0.015162382 ...
                    0.006944218 ...
                    0.023815286 ...
                    0.079556529 ...
                    0.161475188 ...
                    0.124660682 ...
                    0.041930245 ...
                    0.009026221 ...
                    0.016673633 ...
                    0.017894436 ...
                    0.045445313 ...
                    0.134810253 ...
                    0.224853149 ...
                    0.06968564 ...
                    0.013898843 ...
                    0.002074785 ...
                    0 ]';
                
Remodeceout.Kettle = [  0 ...
                        0.032894737 ...
                        0 ...
                        0 ...
                        0 ... 
                        0 ...
                        0.081578947 ...
                        0.040697674 ...
                        0.030438523 ...
                        0.058748786 ...
                        0.054150589 ...
                        0.068629899 ...
                        0.034458343 ...
                        0.074785802 ...
                        0.011210762 ...
                        0.087237432 ...
                        0.024368657 ...
                        0.014534884 ...
                        0.088374975 ...
                        0.110807751 ...
                        0.024663677 ...
                        0.038533737 ...
                        0.117158367 ...
                        0.006726457 ...
                        ]';
                    
Remodeceout.Oven = [    0.006699108 ...
                        0.000849355 ...
                        0.002710685 ...
                        0.000849355 ...
                        0.00178002 ...
                        0.000849355 ...
                        0.00689868 ...
                        0.00801046 ...
                        0.00933196 ...
                        0.016117441 ...
                        0.027861174 ...
                        0.026280076 ...
                        0.017051825 ...
                        0.028750886 ...
                        0.017764189 ...
                        0.058309096 ...
                        0.248551244 ...
                        0.163646387 ...
                        0.154644036 ...
                        0.070652097 ...
                        0.04729809 ...
                        0.036215145 ...
                        0.01925318 ...
                        0.029626158 ...
                        ]';
                    
Remodeceout.MW = [  0.019883041 ...
                    0.019883041 ...
                    0.019883041 ...
                    0.074269006 ...
                    0.024269006 ...
                    0.024269006 ...
                    0.019883041 ...
                    0.019883041 ...
                    0.024269006 ...
                    0.024269006 ...
                    0.019883041 ...
                    0.037426901 ...
                    0.028654971 ...
                    0.028654971 ...
                    0.050584795 ...
                    0.041812865 ...
                    0.050584795 ...
                    0.162865497 ...
                    0.080701754 ...
                    0.059356725 ...
                    0.068128655 ...
                    0.033040936 ...
                    0.019883041 ...
                    0.047660819 ...
                        ]';
                    
Remodeceout.Coffee = [  0 ...
                    0 ...
                    0 ...
                    0 ...
                    0.013636364 ...
                    0 ...
                    0.025 ...
                    0.094044311 ...
                    0.142917481 ...
                    0.07203641 ...
                    0.056801405 ...
                    0.047637959 ...
                    0.017350811 ...
                    0.064990385 ...
                    0.038921242 ...
                    0.038010097 ...
                    0.016337439 ...
                    0.184276634 ... 
                    0.061681771 ...
                    0.043828505 ...
                    0.048192236 ...
                    0.003875933 ...
                    0.027694913 ...
                    0.002766105 ...
                        ]';
                    
Remodeceout.Toas = [0.016826923 ...
                    0.002079002 ...
                    0.015384615 ...
                    0.030769231 ...
                    0.009615385 ...
                    0.004273504 ...
                    0.056996796 ...
                    0.100691534 ...
                    0.060164204 ...
                    0.095052098 ...
                    0.034794113 ...
                    0.02950713 ...
                    0.040502741 ...
                    0.021621622 ...
                    0.064089667 ...
                    0.047275213 ...
                    0.033101283 ...
                    0.025777526 ...
                    0.080544759 ...
                    0.089360368 ...
                    0.090301003 ...
                    0.033874278 ...
                    0.012589313 ...
                    0.004807692 ...
                        ]';
                    % This one is self-made
